Datos de la simulacion:
-----------------------
    Archivo de carga: carga98.sch
    Simulacion: Multiproceso sin prioridad
    Politica: Round Robin
    Quantum: 1
    Gestor de memoria: Paginaci¢n
    TIO: 5
    Memoria: 29999

Eficiencia:
----------
    Tiempo de simulacion: 5724
    CPU util: 5317
    Cambios de contexto: 12082
    Eficiencia CPU: 29%

Tiempo de espera en colas:
--------------------------
	N§ pro   Tmp. esp    TCPU    Prio
	------   --------    ----    ----
      0         73       51        9         
      1         60       48        9         
      2         33       12        1         
      4         27       7         1         
      3         62       95        10        
      5         99       48        9         
      7         16       5         0         
      6         102      66        8         
      8         108      67        9         
      9         111      51        9         
      10        179      84        10        
      11        83       27        9         
      12        146      57        9         
      13        176      99        10        
      14        109      33        9         
      15        3        3         1         
      16        107      92        9         
      17        114      97        10        
      18        44       17        9         
      19        67       35        9         
      20        139      69        8         
      21        140      80        9         
      22        131      65        9         
      23        148      77        8         
      24        24       8         0         
      25        181      65        9         
      26        198      98        10        
      27        196      68        9         
      28        183      60        9         
      29        145      44        9         
      31        11       8         1         
      30        63       29        8         
      32        94       52        9         
      33        129      91        8         
      34        105      80        9         
      35        92       53        10        
      36        109      61        8         
      37        96       54        9         
      38        115      56        8         
      39        21       6         0         
      40        116      74        9         
      41        99       37        8         
      42        113      56        10        
      43        45       15        8         
      44        136      43        8         
      45        38       15        8         
      46        221      98        10        
      47        8        3         0         
      48        60       55        8         
      49        59       37        9         
      50        344      65        10        
      51        282      51        8         
      52        5        6         1         
      53        139      75        10        
      54        153      87        9         
      55        181      43        9         
      56        244      91        8         
      57        175      71        9         
      58        145      45        10        
      59        195      35        8         
      60        101      36        8         
      61        155      70        9         
      62        195      99        8         
      63        18       4         0         
      64        130      59        9         
      65        125      74        9         
      66        306      89        10        
      67        94       37        9         
      68        94       32        9         
      69        44       11        1         
      70        218      68        10        
      71        173      46        8         
      72        205      60        9         
      73        241      62        10        
      74        119      28        8         
      75        121      33        8         
      76        151      79        10        
      77        53       12        1         
      78        152      65        9         
      79        201      90        10        
      80        148      87        9         
      81        5        2         0         
      82        164      90        9         
      83        168      75        9         
      84        70       23        9         
      85        85       25        8         
      86        185      99        10        
      87        196      96        9         
      88        97       26        9         
      89        172      73        9         
      91        64       21        10        
      92        168      60        9         
      90        185      83        9         
      93        162      76        8         
      94        175      70        10        
      95        84       26        9         
      96        105      98        9         
      97        93       86        8         
      98        23       6         0         
      99        60       21        8         

Productividad:
--------------
    N§ de procesos simulados: 100
    Tiempo simulacion: 5724
    Productividad: 0.017

Tasa de CPU:
-----------
	N§ proc    TasaCPU
	-------    -------
      0         41%
      1         44%
      2         26%
      4         20%
      3         60%
      5         32%
      7         23%
      6         39%
      8         38%
      9         31%
      10        31%
      11        24%
      12        28%
      13        36%
      14        23%
      15        50%
      16        46%
      17        45%
      18        27%
      19        34%
      20        33%
      21        36%
      22        33%
      23        34%
      24        25%
      25        26%
      26        33%
      27        25%
      28        24%
      29        23%
      31        42%
      30        31%
      32        35%
      33        41%
      34        43%
      35        36%
      36        35%
      37        36%
      38        32%
      39        22%
      40        38%
      41        27%
      42        33%
      43        25%
      44        24%
      45        28%
      46        30%
      47        27%
      48        47%
      49        38%
      50        15%
      51        15%
      52        54%
      53        35%
      54        36%
      55        19%
      56        27%
      57        28%
      58        23%
      59        15%
      60        26%
      61        31%
      62        33%
      63        18%
      64        31%
      65        37%
      66        22%
      67        28%
      68        25%
      69        20%
      70        23%
      71        21%
      72        22%
      73        20%
      74        19%
      75        21%
      76        34%
      77        18%
      78        29%
      79        30%
      80        37%
      81        28%
      82        35%
      83        30%
      84        24%
      85        22%
      86        34%
      87        32%
      88        21%
      89        29%
      91        24%
      92        26%
      90        30%
      93        31%
      94        28%
      95        23%
      96        48%
      97        48%
      98        20%
      99        25%
