Datos de la simulacion:
-----------------------
    Archivo de carga: carga98.sch
    Simulacion: Multiproceso sin prioridad
    Politica: Round Robin
    Quantum: 2
    Gestor de memoria: Paginaci¢n
    TIO: 5
    Memoria: 29999

Eficiencia:
----------
    Tiempo de simulacion: 5734
    CPU util: 5317
    Cambios de contexto: 7200
    Eficiencia CPU: 41%

Tiempo de espera en colas:
--------------------------
	N§ pro   Tmp. esp    TCPU    Prio
	------   --------    ----    ----
      0         70       51        9         
      1         62       48        9         
      2         32       12        1         
      4         27       7         1         
      3         56       95        10        
      5         83       48        9         
      7         15       5         0         
      6         99       66        8         
      8         102      67        8         
      9         102      51        9         
      10        174      84        10        
      11        80       27        9         
      12        137      57        9         
      13        170      99        10        
      14        119      33        9         
      15        0        3         1         
      16        108      92        9         
      17        115      97        10        
      18        42       17        8         
      19        68       35        9         
      20        125      69        8         
      21        159      80        9         
      22        147      65        9         
      23        139      77        8         
      24        22       8         0         
      25        180      65        9         
      26        196      98        10        
      27        191      68        9         
      28        189      60        9         
      29        176      44        9         
      31        15       8         1         
      30        58       29        8         
      32        96       52        9         
      33        131      91        8         
      34        107      80        9         
      35        93       53        10        
      36        106      61        8         
      37        94       54        9         
      38        112      56        8         
      39        20       6         0         
      40        122      74        8         
      41        102      37        8         
      42        114      56        10        
      43        44       15        8         
      44        113      43        3         
      45        30       15        8         
      46        249      98        10        
      47        6        3         0         
      48        49       55        8         
      49        49       37        8         
      50        359      65        10        
      51        277      51        3         
      52        2        6         1         
      53        137      75        10        
      54        157      87        9         
      55        179      43        9         
      56        233      91        8         
      57        190      71        9         
      58        166      45        10        
      59        186      35        3         
      60        121      36        8         
      61        137      70        9         
      62        197      99        8         
      63        16       4         0         
      64        130      59        9         
      65        112      74        9         
      66        289      89        10        
      67        89       37        8         
      68        100      32        8         
      69        43       11        1         
      70        212      68        10        
      71        189      46        8         
      72        223      60        9         
      73        250      62        10        
      74        157      28        8         
      75        101      33        3         
      76        148      79        10        
      77        49       12        1         
      78        152      65        9         
      79        184      90        10        
      80        146      87        9         
      81        2        2         0         
      82        154      90        8         
      83        148      75        9         
      84        65       23        9         
      85        97       25        8         
      86        184      99        10        
      87        196      96        9         
      88        81       26        9         
      89        168      73        9         
      91        69       21        10        
      92        156      60        9         
      90        186      83        9         
      93        196      76        8         
      94        169      70        10        
      95        85       26        8         
      96        113      98        9         
      97        103      86        8         
      98        17       6         0         
      99        66       21        8         

Productividad:
--------------
    N§ de procesos simulados: 100
    Tiempo simulacion: 5734
    Productividad: 0.017

Tasa de CPU:
-----------
	N§ proc    TasaCPU
	-------    -------
      0         42%
      1         43%
      2         27%
      4         20%
      3         62%
      5         36%
      7         25%
      6         40%
      8         39%
      9         33%
      10        32%
      11        25%
      12        29%
      13        36%
      14        21%
      15        100%
      16        46%
      17        45%
      18        28%
      19        33%
      20        35%
      21        33%
      22        30%
      23        35%
      24        26%
      25        26%
      26        33%
      27        26%
      28        24%
      29        20%
      31        34%
      30        33%
      32        35%
      33        40%
      34        42%
      35        36%
      36        36%
      37        36%
      38        33%
      39        23%
      40        37%
      41        26%
      42        32%
      43        25%
      44        27%
      45        33%
      46        28%
      47        33%
      48        52%
      49        43%
      50        15%
      51        15%
      52        75%
      53        35%
      54        35%
      55        19%
      56        28%
      57        27%
      58        21%
      59        15%
      60        22%
      61        33%
      62        33%
      63        20%
      64        31%
      65        39%
      66        23%
      67        29%
      68        24%
      69        20%
      70        24%
      71        19%
      72        21%
      73        19%
      74        15%
      75        24%
      76        34%
      77        19%
      78        29%
      79        32%
      80        37%
      81        50%
      82        36%
      83        33%
      84        26%
      85        20%
      86        34%
      87        32%
      88        24%
      89        30%
      91        23%
      92        27%
      90        30%
      93        27%
      94        29%
      95        23%
      96        46%
      97        45%
      98        26%
      99        24%
