Datos de la simulacion:
-----------------------
    Archivo de carga: carga98.sch
    Simulacion: Multiproceso sin prioridad
    Politica: Round Robin
    Quantum: 3
    Gestor de memoria: Paginaci¢n
    TIO: 5
    Memoria: 29999

Eficiencia:
----------
    Tiempo de simulacion: 5724
    CPU util: 5317
    Cambios de contexto: 5592
    Eficiencia CPU: 46%

Tiempo de espera en colas:
--------------------------
	N§ pro   Tmp. esp    TCPU    Prio
	------   --------    ----    ----
      0         79       51        8         
      1         60       48        8         
      2         33       12        1         
      4         24       7         1         
      3         54       95        10        
      5         111      48        9         
      7         14       5         0         
      6         103      66        8         
      8         105      67        8         
      9         108      51        9         
      10        189      84        10        
      11        72       27        8         
      12        129      57        8         
      13        172      99        10        
      14        105      33        9         
      15        1        3         1         
      16        101      92        9         
      17        121      97        10        
      18        40       17        8         
      19        63       35        8         
      20        147      69        8         
      21        128      80        8         
      22        99       65        9         
      23        182      77        8         
      24        24       8         0         
      25        200      65        9         
      26        197      98        10        
      27        207      68        9         
      28        204      60        9         
      29        159      44        9         
      31        10       8         1         
      30        50       29        8         
      32        105      52        8         
      33        117      91        8         
      34        115      80        8         
      35        122      53        10        
      36        105      61        8         
      37        120      54        9         
      38        111      56        8         
      39        20       6         0         
      40        99       74        8         
      41        114      37        8         
      42        92       56        10        
      43        58       15        8         
      44        141      43        3         
      45        35       15        8         
      46        225      98        10        
      47        3        3         0         
      48        60       55        8         
      49        64       37        8         
      50        341      65        10        
      51        284      51        3         
      52        2        6         1         
      53        135      75        10        
      54        148      87        8         
      55        191      43        8         
      56        249      91        8         
      57        172      71        9         
      58        140      45        10        
      59        202      35        3         
      60        105      36        8         
      61        144      70        9         
      62        206      99        8         
      63        25       4         0         
      64        131      59        8         
      65        122      74        9         
      66        352      89        10        
      67        93       37        8         
      68        96       32        8         
      69        33       11        1         
      70        196      68        10        
      71        166      46        8         
      72        210      60        9         
      73        241      62        10        
      74        124      28        3         
      75        147      33        3         
      76        158      79        10        
      77        42       12        1         
      78        136      65        9         
      79        236      90        10        
      80        150      87        9         
      81        4        2         0         
      82        176      90        8         
      83        167      75        8         
      84        100      23        8         
      85        80       25        3         
      86        183      99        10        
      87        204      96        9         
      88        97       26        9         
      89        191      73        9         
      91        68       21        10        
      92        169      60        9         
      90        200      83        9         
      93        137      76        3         
      94        168      70        10        
      95        52       26        3         
      96        95       98        9         
      97        93       86        8         
      98        17       6         0         
      99        71       21        8         

Productividad:
--------------
    N§ de procesos simulados: 100
    Tiempo simulacion: 5724
    Productividad: 0.017

Tasa de CPU:
-----------
	N§ proc    TasaCPU
	-------    -------
      0         39%
      1         44%
      2         26%
      4         22%
      3         63%
      5         30%
      7         26%
      6         39%
      8         38%
      9         32%
      10        30%
      11        27%
      12        30%
      13        36%
      14        23%
      15        75%
      16        47%
      17        44%
      18        29%
      19        35%
      20        31%
      21        38%
      22        39%
      23        29%
      24        25%
      25        24%
      26        33%
      27        24%
      28        22%
      29        21%
      31        44%
      30        36%
      32        33%
      33        43%
      34        41%
      35        30%
      36        36%
      37        31%
      38        33%
      39        23%
      40        42%
      41        24%
      42        37%
      43        20%
      44        23%
      45        30%
      46        30%
      47        50%
      48        47%
      49        36%
      50        16%
      51        15%
      52        75%
      53        35%
      54        37%
      55        18%
      56        26%
      57        29%
      58        24%
      59        14%
      60        25%
      61        32%
      62        32%
      63        13%
      64        31%
      65        37%
      66        20%
      67        28%
      68        25%
      69        25%
      70        25%
      71        21%
      72        22%
      73        20%
      74        18%
      75        18%
      76        33%
      77        22%
      78        32%
      79        27%
      80        36%
      81        33%
      82        33%
      83        30%
      84        18%
      85        23%
      86        35%
      87        32%
      88        21%
      89        27%
      91        23%
      92        26%
      90        29%
      93        35%
      94        29%
      95        33%
      96        50%
      97        48%
      98        26%
      99        22%
