Datos de la simulacion:
-----------------------
    Archivo de carga: carga98.sch
    Simulacion: Multiproceso sin prioridad
    Politica: Round Robin
    Quantum: 4
    Gestor de memoria: Paginaci¢n
    TIO: 5
    Memoria: 29999

Eficiencia:
----------
    Tiempo de simulacion: 5748
    CPU util: 5317
    Cambios de contexto: 4802
    Eficiencia CPU: 50%

Tiempo de espera en colas:
--------------------------
	N§ pro   Tmp. esp    TCPU    Prio
	------   --------    ----    ----
      0         76       51        3         
      1         68       48        8         
      2         26       12        1         
      4         35       7         1         
      3         66       95        10        
      5         88       48        9         
      7         20       5         0         
      6         108      66        8         
      8         115      67        8         
      9         98       51        9         
      10        174      84        10        
      11        91       27        8         
      12        169      57        8         
      13        178      99        10        
      14        126      33        9         
      15        3        3         1         
      16        101      92        8         
      17        108      97        10        
      18        46       17        8         
      19        70       35        8         
      20        130      69        3         
      21        150      80        8         
      22        159      65        9         
      23        141      77        3         
      24        30       8         0         
      25        187      65        9         
      26        197      98        10        
      27        193      68        9         
      28        159      60        8         
      29        179      44        8         
      31        14       8         1         
      30        67       29        8         
      32        95       52        8         
      33        129      91        8         
      34        105      80        8         
      35        90       53        10        
      36        108      61        8         
      37        90       54        9         
      38        114      56        8         
      39        24       6         0         
      40        132      74        8         
      41        77       37        3         
      42        81       56        10        
      43        56       15        8         
      44        162      43        3         
      45        27       15        8         
      46        241      98        10        
      47        5        3         0         
      48        66       55        8         
      49        70       37        8         
      50        388      65        10        
      51        315      51        3         
      52        2        6         1         
      53        130      75        10        
      54        148      87        8         
      55        149      43        3         
      56        268      91        8         
      57        176      71        9         
      58        146      45        10        
      59        247      35        3         
      60        157      36        8         
      61        146      70        9         
      62        210      99        8         
      63        9        4         0         
      64        141      59        8         
      65        98       74        8         
      66        394      89        10        
      67        91       37        8         
      68        105      32        8         
      69        47       11        1         
      70        215      68        10        
      71        186      46        8         
      72        194      60        9         
      73        193      62        10        
      74        139      28        3         
      75        170      33        3         
      76        148      79        10        
      77        39       12        1         
      78        157      65        9         
      79        204      90        10        
      80        165      87        9         
      81        5        2         0         
      82        147      90        8         
      83        137      75        8         
      84        61       23        3         
      85        79       25        3         
      86        172      99        10        
      87        201      96        9         
      88        95       26        9         
      89        176      73        9         
      91        56       21        10        
      92        156      60        8         
      90        182      83        9         
      93        185      76        3         
      94        172      70        10        
      95        82       26        3         
      96        87       98        9         
      97        117      86        8         
      98        21       6         0         
      99        60       21        3         

Productividad:
--------------
    N§ de procesos simulados: 100
    Tiempo simulacion: 5748
    Productividad: 0.017

Tasa de CPU:
-----------
	N§ proc    TasaCPU
	-------    -------
      0         40%
      1         41%
      2         31%
      4         16%
      3         59%
      5         35%
      7         20%
      6         37%
      8         36%
      9         34%
      10        32%
      11        22%
      12        25%
      13        35%
      14        20%
      15        50%
      16        47%
      17        47%
      18        26%
      19        33%
      20        34%
      21        34%
      22        29%
      23        35%
      24        21%
      25        25%
      26        33%
      27        26%
      28        27%
      29        19%
      31        36%
      30        30%
      32        35%
      33        41%
      34        43%
      35        37%
      36        36%
      37        37%
      38        32%
      39        20%
      40        35%
      41        32%
      42        40%
      43        21%
      44        20%
      45        35%
      46        28%
      47        37%
      48        45%
      49        34%
      50        14%
      51        13%
      52        75%
      53        36%
      54        37%
      55        22%
      56        25%
      57        28%
      58        23%
      59        12%
      60        18%
      61        32%
      62        32%
      63        30%
      64        29%
      65        43%
      66        18%
      67        28%
      68        23%
      69        18%
      70        24%
      71        19%
      72        23%
      73        24%
      74        16%
      75        16%
      76        34%
      77        23%
      78        29%
      79        30%
      80        34%
      81        28%
      82        37%
      83        35%
      84        27%
      85        24%
      86        36%
      87        32%
      88        21%
      89        29%
      91        27%
      92        27%
      90        31%
      93        29%
      94        28%
      95        24%
      96        52%
      97        42%
      98        22%
      99        25%
