Datos de la simulacion:
-----------------------
    Archivo de carga: carga98.sch
    Simulacion: Multiproceso sin prioridad
    Politica: Round Robin
    Quantum: 5
    Gestor de memoria: Paginaci¢n
    TIO: 5
    Memoria: 29999

Eficiencia:
----------
    Tiempo de simulacion: 5729
    CPU util: 5317
    Cambios de contexto: 4316
    Eficiencia CPU: 52%

Tiempo de espera en colas:
--------------------------
	N§ pro   Tmp. esp    TCPU    Prio
	------   --------    ----    ----
      0         59       51        3         
      1         49       48        3         
      2         23       12        1         
      4         37       7         1         
      3         105      95        10        
      5         152      48        9         
      7         8        5         0         
      6         116      66        3         
      8         130      67        3         
      9         149      51        9         
      10        175      84        10        
      11        119      27        8         
      12        177      57        8         
      13        180      99        10        
      14        107      33        9         
      15        2        3         1         
      16        105      92        8         
      17        117      97        10        
      18        40       17        8         
      19        67       35        8         
      20        131      69        3         
      21        157      80        8         
      22        134      65        9         
      23        136      77        3         
      24        25       8         0         
      25        155      65        8         
      26        187      98        10        
      27        178      68        9         
      28        201      60        8         
      29        122      44        3         
      31        10       8         1         
      30        51       29        8         
      32        110      52        8         
      33        107      91        8         
      34        117      80        8         
      35        108      53        10        
      36        126      61        8         
      37        121      54        9         
      38        76       56        3         
      39        26       6         0         
      40        102      74        8         
      41        96       37        3         
      42        100      56        10        
      43        56       15        8         
      44        163      43        3         
      45        40       15        8         
      46        222      98        10        
      47        5        3         0         
      48        103      55        8         
      49        46       37        3         
      50        401      65        10        
      51        317      51        3         
      52        4        6         1         
      53        123      75        10        
      54        137      87        8         
      55        163      43        3         
      56        184      91        8         
      57        191      71        9         
      58        170      45        10        
      59        287      35        3         
      60        71       36        3         
      61        136      70        9         
      62        214      99        8         
      63        14       4         0         
      64        133      59        8         
      65        126      74        8         
      66        399      89        10        
      67        104      37        8         
      68        65       32        3         
      69        38       11        1         
      70        186      68        10        
      71        139      46        8         
      72        198      60        8         
      73        229      62        10        
      74        145      28        3         
      75        176      33        3         
      76        151      79        10        
      77        42       12        1         
      78        168      65        8         
      79        236      90        10        
      80        159      87        9         
      81        9        2         0         
      82        188      90        8         
      83        154      75        8         
      84        79       23        3         
      85        113      25        3         
      86        208      99        10        
      87        187      96        9         
      88        84       26        9         
      89        185      73        9         
      91        68       21        10        
      92        151      60        8         
      90        168      83        9         
      93        207      76        3         
      94        186      70        10        
      95        89       26        3         
      96        135      98        9         
      97        68       86        3         
      98        28       6         0         
      99        59       21        3         

Productividad:
--------------
    N§ de procesos simulados: 100
    Tiempo simulacion: 5729
    Productividad: 0.017

Tasa de CPU:
-----------
	N§ proc    TasaCPU
	-------    -------
      0         46%
      1         49%
      2         34%
      4         15%
      3         47%
      5         24%
      7         38%
      6         36%
      8         34%
      9         25%
      10        32%
      11        18%
      12        24%
      13        35%
      14        23%
      15        60%
      16        46%
      17        45%
      18        29%
      19        34%
      20        34%
      21        33%
      22        32%
      23        36%
      24        24%
      25        29%
      26        34%
      27        27%
      28        22%
      29        26%
      31        44%
      30        36%
      32        32%
      33        45%
      34        40%
      35        32%
      36        32%
      37        30%
      38        42%
      39        18%
      40        42%
      41        27%
      42        35%
      43        21%
      44        20%
      45        27%
      46        30%
      47        37%
      48        34%
      49        44%
      50        13%
      51        13%
      52        60%
      53        37%
      54        38%
      55        20%
      56        33%
      57        27%
      58        20%
      59        10%
      60        33%
      61        33%
      62        31%
      63        22%
      64        30%
      65        37%
      66        18%
      67        26%
      68        32%
      69        22%
      70        26%
      71        24%
      72        23%
      73        21%
      74        16%
      75        15%
      76        34%
      77        22%
      78        27%
      79        27%
      80        35%
      81        18%
      82        32%
      83        32%
      84        22%
      85        18%
      86        32%
      87        33%
      88        23%
      89        28%
      91        23%
      92        28%
      90        33%
      93        26%
      94        27%
      95        22%
      96        42%
      97        55%
      98        17%
      99        26%
