Datos de la simulacion:
-----------------------
    Archivo de carga: carga98.sch
    Simulacion: Multiproceso sin prioridad
    Politica: Round Robin
    Quantum: 6
    Gestor de memoria: Paginaci¢n
    TIO: 5
    Memoria: 29999

Eficiencia:
----------
    Tiempo de simulacion: 5722
    CPU util: 5317
    Cambios de contexto: 4058
    Eficiencia CPU: 54%

Tiempo de espera en colas:
--------------------------
	N§ pro   Tmp. esp    TCPU    Prio
	------   --------    ----    ----
      0         75       51        3         
      1         58       48        3         
      2         34       12        1         
      4         27       7         1         
      3         50       95        10        
      5         138      48        8         
      7         5        5         0         
      6         97       66        3         
      8         103      67        3         
      9         108      51        9         
      10        195      84        10        
      11        73       27        3         
      12        120      57        3         
      13        164      99        10        
      14        130      33        8         
      15        0        3         1         
      16        109      92        8         
      17        96       97        10        
      18        45       17        8         
      19        79       35        8         
      20        127      69        3         
      21        172      80        8         
      22        99       65        9         
      23        137      77        3         
      24        26       8         0         
      25        157      65        8         
      26        189      98        10        
      27        179      68        9         
      28        203      60        8         
      29        119      44        3         
      31        13       8         1         
      30        53       29        8         
      32        116      52        8         
      33        113      91        8         
      34        123      80        8         
      35        137      53        10        
      36        93       61        3         
      37        135      54        8         
      38        103      56        3         
      39        13       6         0         
      40        104      74        8         
      41        97       37        3         
      42        95       56        10        
      43        63       15        8         
      44        177      43        3         
      45        38       15        8         
      46        252      98        10        
      47        3        3         0         
      48        60       55        3         
      49        64       37        3         
      50        423      65        10        
      51        359      51        3         
      52        0        6         1         
      53        123      75        10        
      54        141      87        8         
      55        168      43        3         
      56        233      91        8         
      57        182      71        8         
      58        152      45        10        
      59        301      35        3         
      60        88       36        3         
      61        113      70        9         
      62        252      99        8         
      63        19       4         0         
      64        147      59        8         
      65        133      74        8         
      66        511      89        10        
      67        107      37        8         
      68        76       32        3         
      69        24       11        1         
      70        177      68        10        
      71        193      46        8         
      72        185      60        8         
      73        192      62        10        
      74        180      28        3         
      75        232      33        3         
      76        168      79        10        
      77        26       12        1         
      78        119      65        3         
      79        268      90        10        
      80        165      87        8         
      81        9        2         0         
      82        246      90        8         
      83        145      75        8         
      84        89       23        3         
      85        143      25        3         
      86        180      99        10        
      87        215      96        9         
      88        84       26        8         
      89        217      73        9         
      91        75       21        10        
      92        167      60        8         
      90        179      83        9         
      93        233      76        3         
      94        160      70        10        
      95        106      26        3         
      96        96       98        9         
      97        91       86        3         
      98        13       6         0         
      99        73       21        3         

Productividad:
--------------
    N§ de procesos simulados: 100
    Tiempo simulacion: 5722
    Productividad: 0.017

Tasa de CPU:
-----------
	N§ proc    TasaCPU
	-------    -------
      0         40%
      1         45%
      2         26%
      4         20%
      3         65%
      5         25%
      7         50%
      6         40%
      8         39%
      9         32%
      10        30%
      11        27%
      12        32%
      13        37%
      14        20%
      15        100%
      16        45%
      17        50%
      18        27%
      19        30%
      20        35%
      21        31%
      22        39%
      23        35%
      24        23%
      25        29%
      26        34%
      27        27%
      28        22%
      29        26%
      31        38%
      30        35%
      32        30%
      33        44%
      34        39%
      35        27%
      36        39%
      37        28%
      38        35%
      39        31%
      40        41%
      41        27%
      42        37%
      43        19%
      44        19%
      45        28%
      46        28%
      47        50%
      48        47%
      49        36%
      50        13%
      51        12%
      52        100%
      53        37%
      54        38%
      55        20%
      56        28%
      57        28%
      58        22%
      59        10%
      60        29%
      61        38%
      62        28%
      63        17%
      64        28%
      65        35%
      66        14%
      67        25%
      68        29%
      69        31%
      70        27%
      71        19%
      72        24%
      73        24%
      74        13%
      75        12%
      76        31%
      77        31%
      78        35%
      79        25%
      80        34%
      81        18%
      82        26%
      83        34%
      84        20%
      85        14%
      86        35%
      87        30%
      88        23%
      89        25%
      91        21%
      92        26%
      90        31%
      93        24%
      94        30%
      95        19%
      96        50%
      97        48%
      98        31%
      99        22%
