Datos de la simulacion:
-----------------------
    Archivo de carga: carga98.sch
    Simulacion: Multiproceso sin prioridad
    Politica: Round Robin
    Quantum: 7
    Gestor de memoria: Paginaci¢n
    TIO: 5
    Memoria: 29999

Eficiencia:
----------
    Tiempo de simulacion: 5722
    CPU util: 5317
    Cambios de contexto: 3766
    Eficiencia CPU: 56%

Tiempo de espera en colas:
--------------------------
	N§ pro   Tmp. esp    TCPU    Prio
	------   --------    ----    ----
      0         75       51        3         
      1         58       48        3         
      2         34       12        1         
      4         27       7         1         
      3         50       95        10        
      5         66       48        3         
      7         5        5         0         
      6         97       66        3         
      8         104      67        3         
      9         121      51        8         
      10        171      84        10        
      11        76       27        3         
      12        128      57        3         
      13        173      99        10        
      14        138      33        8         
      15        2        3         1         
      16        115      92        8         
      17        103      97        10        
      18        48       17        8         
      19        80       35        8         
      20        148      69        3         
      21        107      80        3         
      22        150      65        9         
      23        159      77        3         
      24        36       8         0         
      25        188      65        8         
      26        204      98        10        
      27        197      68        9         
      28        125      60        3         
      29        147      44        3         
      31        16       8         1         
      30        48       29        8         
      32        79       52        3         
      33        141      91        8         
      34        77       80        3         
      35        136      53        10        
      36        93       61        3         
      37        134      54        8         
      38        102      56        3         
      39        20       6         0         
      40        118      74        8         
      41        94       37        3         
      42        82       56        10        
      43        31       15        4         
      44        197      43        3         
      45        20       15        4         
      46        271      98        10        
      47        3        3         0         
      48        65       55        3         
      49        65       37        3         
      50        501      65        10        
      51        385      51        3         
      52        0        6         1         
      53        119      75        10        
      54        122      87        8         
      55        174      43        3         
      56        258      91        8         
      57        167      71        8         
      58        127      45        10        
      59        339      35        3         
      60        139      36        3         
      61        181      70        9         
      62        191      99        3         
      63        21       4         0         
      64        134      59        3         
      65        78       74        3         
      66        538      89        10        
      67        79       37        3         
      68        90       32        3         
      69        43       11        1         
      70        180      68        10        
      71        193      46        8         
      72        182      60        8         
      73        184      62        10        
      74        185      28        3         
      75        268      33        3         
      76        204      79        10        
      77        27       12        1         
      78        132      65        3         
      79        150      90        10        
      80        161      87        8         
      81        9        2         0         
      82        253      90        8         
      83        139      75        8         
      84        76       23        3         
      85        138      25        3         
      86        192      99        10        
      87        203      96        9         
      88        98       26        8         
      89        174      73        9         
      91        93       21        10        
      92        140      60        8         
      90        168      83        8         
      93        260      76        3         
      94        151      70        10        
      95        106      26        3         
      96        115      98        9         
      97        91       86        3         
      98        14       6         0         
      99        77       21        3         

Productividad:
--------------
    N§ de procesos simulados: 100
    Tiempo simulacion: 5722
    Productividad: 0.017

Tasa de CPU:
-----------
	N§ proc    TasaCPU
	-------    -------
      0         40%
      1         45%
      2         26%
      4         20%
      3         65%
      5         42%
      7         50%
      6         40%
      8         39%
      9         29%
      10        32%
      11        26%
      12        30%
      13        36%
      14        19%
      15        60%
      16        44%
      17        48%
      18        26%
      19        30%
      20        31%
      21        42%
      22        30%
      23        32%
      24        18%
      25        25%
      26        32%
      27        25%
      28        32%
      29        23%
      31        33%
      30        37%
      32        39%
      33        39%
      34        50%
      35        28%
      36        39%
      37        28%
      38        35%
      39        23%
      40        38%
      41        28%
      42        40%
      43        32%
      44        17%
      45        42%
      46        26%
      47        50%
      48        45%
      49        36%
      50        11%
      51        11%
      52        100%
      53        38%
      54        41%
      55        19%
      56        26%
      57        29%
      58        26%
      59        9%
      60        20%
      61        27%
      62        34%
      63        16%
      64        30%
      65        48%
      66        14%
      67        31%
      68        26%
      69        20%
      70        27%
      71        19%
      72        24%
      73        25%
      74        13%
      75        10%
      76        27%
      77        30%
      78        32%
      79        37%
      80        35%
      81        18%
      82        26%
      83        35%
      84        23%
      85        15%
      86        34%
      87        32%
      88        20%
      89        29%
      91        18%
      92        30%
      90        33%
      93        22%
      94        31%
      95        19%
      96        46%
      97        48%
      98        30%
      99        21%
