Datos de la simulacion:
-----------------------
    Archivo de carga: carga98.sch
    Simulacion: Multiproceso sin prioridad
    Politica: Round Robin
    Quantum: 8
    Gestor de memoria: Paginaci¢n
    TIO: 5
    Memoria: 29999

Eficiencia:
----------
    Tiempo de simulacion: 5730
    CPU util: 5317
    Cambios de contexto: 3620
    Eficiencia CPU: 56%

Tiempo de espera en colas:
--------------------------
	N§ pro   Tmp. esp    TCPU    Prio
	------   --------    ----    ----
      0         75       51        3         
      1         58       48        3         
      2         34       12        1         
      4         27       7         1         
      3         50       95        10        
      5         75       48        3         
      7         5        5         0         
      6         97       66        3         
      8         105      67        3         
      9         101      51        8         
      10        169      84        10        
      11        79       27        3         
      12        130      57        3         
      13        177      99        10        
      14        139      33        8         
      15        2        3         1         
      16        82       92        3         
      17        123      97        10        
      18        49       17        7         
      19        66       35        3         
      20        142      69        3         
      21        106      80        3         
      22        149      65        9         
      23        162      77        3         
      24        14       8         0         
      25        192      65        8         
      26        204      98        10        
      27        195      68        8         
      28        128      60        3         
      29        150      44        3         
      31        16       8         1         
      30        56       29        8         
      32        95       52        3         
      33        123      91        8         
      34        99       80        3         
      35        86       53        10        
      36        105      61        3         
      37        90       54        3         
      38        111      56        3         
      39        22       6         0         
      40        119      74        8         
      41        96       37        3         
      42        65       56        10        
      43        32       15        4         
      44        197      43        3         
      45        20       15        4         
      46        275      98        10        
      47        3        3         0         
      48        65       55        3         
      49        65       37        3         
      50        521      65        10        
      51        405      51        3         
      52        0        6         1         
      53        118      75        10        
      54        119      87        8         
      55        185      43        3         
      56        290      91        8         
      57        163      71        8         
      58        124      45        10        
      59        374      35        3         
      60        147      36        3         
      61        189      70        9         
      62        218      99        3         
      63        19       4         0         
      64        142      59        3         
      65        84       74        3         
      66        578      89        10        
      67        85       37        3         
      68        96       32        3         
      69        42       11        1         
      70        188      68        10        
      71        186      46        8         
      72        184      60        8         
      73        184      62        10        
      74        185      28        3         
      75        290      33        3         
      76        128      79        10        
      77        35       12        1         
      78        146      65        3         
      79        164      90        10        
      80        235      87        8         
      81        12       2         0         
      82        119      90        3         
      83        144      75        8         
      84        109      23        3         
      85        145      25        3         
      86        217      99        10        
      87        207      96        9         
      88        107      26        8         
      89        176      73        8         
      91        48       21        10        
      92        143      60        8         
      90        171      83        8         
      93        277      76        3         
      94        151      70        10        
      95        99       26        3         
      96        112      98        9         
      97        99       86        3         
      98        14       6         0         
      99        76       21        3         

Productividad:
--------------
    N§ de procesos simulados: 100
    Tiempo simulacion: 5730
    Productividad: 0.017

Tasa de CPU:
-----------
	N§ proc    TasaCPU
	-------    -------
      0         40%
      1         45%
      2         26%
      4         20%
      3         65%
      5         39%
      7         50%
      6         40%
      8         38%
      9         33%
      10        33%
      11        25%
      12        30%
      13        35%
      14        19%
      15        60%
      16        52%
      17        44%
      18        25%
      19        34%
      20        32%
      21        43%
      22        30%
      23        32%
      24        36%
      25        25%
      26        32%
      27        25%
      28        31%
      29        22%
      31        33%
      30        34%
      32        35%
      33        42%
      34        44%
      35        38%
      36        36%
      37        37%
      38        33%
      39        21%
      40        38%
      41        27%
      42        46%
      43        31%
      44        17%
      45        42%
      46        26%
      47        50%
      48        45%
      49        36%
      50        11%
      51        11%
      52        100%
      53        38%
      54        42%
      55        18%
      56        23%
      57        30%
      58        26%
      59        8%
      60        19%
      61        27%
      62        31%
      63        17%
      64        29%
      65        46%
      66        13%
      67        30%
      68        25%
      69        20%
      70        26%
      71        19%
      72        24%
      73        25%
      74        13%
      75        10%
      76        38%
      77        25%
      78        30%
      79        35%
      80        27%
      81        14%
      82        43%
      83        34%
      84        17%
      85        14%
      86        31%
      87        31%
      88        19%
      89        29%
      91        30%
      92        29%
      90        32%
      93        21%
      94        31%
      95        20%
      96        46%
      97        46%
      98        30%
      99        21%
