Datos de la simulacion:
-----------------------
    Archivo de carga: carga98.sch
    Simulacion: Multiproceso sin prioridad
    Politica: Round Robin
    Quantum: 9
    Gestor de memoria: Paginaci¢n
    TIO: 5
    Memoria: 29999

Eficiencia:
----------
    Tiempo de simulacion: 5735
    CPU util: 5317
    Cambios de contexto: 3518
    Eficiencia CPU: 57%

Tiempo de espera en colas:
--------------------------
	N§ pro   Tmp. esp    TCPU    Prio
	------   --------    ----    ----
      0         75       51        3         
      1         58       48        3         
      2         34       12        1         
      4         27       7         1         
      3         50       95        10        
      5         77       48        3         
      7         5        5         0         
      6         97       66        3         
      8         106      67        3         
      9         101      51        8         
      10        202      84        10        
      11        106      27        3         
      12        159      57        3         
      13        160      99        10        
      14        90       33        3         
      15        0        3         1         
      16        84       92        3         
      17        123      97        10        
      18        49       17        7         
      19        68       35        3         
      20        142      69        3         
      21        106      80        3         
      22        104      65        9         
      23        164      77        3         
      24        15       8         0         
      25        237      65        8         
      26        160      98        10        
      27        236      68        8         
      28        166      60        3         
      29        179      44        3         
      31        25       8         1         
      30        57       29        8         
      32        96       52        3         
      33        123      91        8         
      34        99       80        3         
      35        86       53        10        
      36        105      61        3         
      37        90       54        3         
      38        111      56        3         
      39        22       6         0         
      40        77       74        3         
      41        118      37        3         
      42        105      56        10        
      43        51       15        4         
      44        227      43        3         
      45        21       15        4         
      46        279      98        10        
      47        4        3         0         
      48        71       55        3         
      49        75       37        3         
      50        506      65        10        
      51        393      51        3         
      52        2        6         1         
      53        118      75        10        
      54        133      87        8         
      55        184      43        3         
      56        287      91        8         
      57        165      71        8         
      58        124      45        10        
      59        343      35        3         
      60        140      36        3         
      61        185      70        9         
      62        207      99        3         
      63        18       4         0         
      64        135      59        3         
      65        82       74        3         
      66        564      89        10        
      67        83       37        3         
      68        94       32        3         
      69        40       11        1         
      70        129      68        10        
      71        108      46        3         
      72        185      60        8         
      73        195      62        10        
      74        186      28        3         
      75        308      33        3         
      76        131      79        10        
      77        36       12        1         
      78        149      65        3         
      79        180      90        10        
      80        147      87        3         
      81        13       2         0         
      82        163      90        3         
      83        186      75        8         
      84        137      23        3         
      85        154      25        3         
      86        189      99        10        
      87        176      96        9         
      88        103      26        8         
      89        184      73        8         
      91        47       21        10        
      92        142      60        8         
      90        170      83        8         
      93        279      76        3         
      94        150      70        10        
      95        100      26        3         
      96        116      98        9         
      97        104      86        3         
      98        12       6         0         
      99        76       21        3         

Productividad:
--------------
    N§ de procesos simulados: 100
    Tiempo simulacion: 5735
    Productividad: 0.017

Tasa de CPU:
-----------
	N§ proc    TasaCPU
	-------    -------
      0         40%
      1         45%
      2         26%
      4         20%
      3         65%
      5         38%
      7         50%
      6         40%
      8         38%
      9         33%
      10        29%
      11        20%
      12        26%
      13        38%
      14        26%
      15        100%
      16        52%
      17        44%
      18        25%
      19        33%
      20        32%
      21        43%
      22        38%
      23        31%
      24        34%
      25        21%
      26        37%
      27        22%
      28        26%
      29        19%
      31        24%
      30        33%
      32        35%
      33        42%
      34        44%
      35        38%
      36        36%
      37        37%
      38        33%
      39        21%
      40        49%
      41        23%
      42        34%
      43        22%
      44        15%
      45        41%
      46        25%
      47        42%
      48        43%
      49        33%
      50        11%
      51        11%
      52        75%
      53        38%
      54        39%
      55        18%
      56        24%
      57        30%
      58        26%
      59        9%
      60        20%
      61        27%
      62        32%
      63        18%
      64        30%
      65        47%
      66        13%
      67        30%
      68        25%
      69        21%
      70        34%
      71        29%
      72        24%
      73        24%
      74        13%
      75        9%
      76        37%
      77        25%
      78        30%
      79        33%
      80        37%
      81        13%
      82        35%
      83        28%
      84        14%
      85        13%
      86        34%
      87        35%
      88        20%
      89        28%
      91        30%
      92        29%
      90        32%
      93        21%
      94        31%
      95        20%
      96        45%
      97        45%
      98        33%
      99        21%
