Datos de la simulacion:
-----------------------
    Archivo de carga: carga98.sch
    Simulacion: Multiproceso sin prioridad
    Politica: Round Robin
    Quantum: 10
    Gestor de memoria: Paginaci¢n
    TIO: 5
    Memoria: 29999

Eficiencia:
----------
    Tiempo de simulacion: 5742
    CPU util: 5317
    Cambios de contexto: 3448
    Eficiencia CPU: 57%

Tiempo de espera en colas:
--------------------------
	N§ pro   Tmp. esp    TCPU    Prio
	------   --------    ----    ----
      0         75       51        3         
      1         58       48        3         
      2         18       12        1         
      4         29       7         1         
      3         50       95        10        
      5         79       48        3         
      7         5        5         0         
      6         97       66        3         
      8         107      67        3         
      9         101      51        8         
      10        148      84        10        
      11        117      27        3         
      12        169      57        3         
      13        169      99        10        
      14        101      33        3         
      15        0        3         1         
      16        90       92        3         
      17        127      97        10        
      18        49       17        7         
      19        70       35        3         
      20        142      69        3         
      21        106      80        3         
      22        104      65        9         
      23        182      77        3         
      24        16       8         0         
      25        150      65        3         
      26        189      98        10        
      27        164      68        3         
      28        200      60        3         
      29        213      44        3         
      31        26       8         1         
      30        72       29        8         
      32        97       52        3         
      33        123      91        8         
      34        99       80        3         
      35        86       53        10        
      36        105      61        3         
      37        90       54        3         
      38        111      56        3         
      39        22       6         0         
      40        77       74        3         
      41        119      37        3         
      42        105      56        10        
      43        52       15        4         
      44        228      43        3         
      45        22       15        4         
      46        284      98        10        
      47        5        3         0         
      48        72       55        3         
      49        76       37        3         
      50        562      65        10        
      51        428      51        3         
      52        3        6         1         
      53        113      75        10        
      54        136      87        8         
      55        218      43        3         
      56        155      91        3         
      57        195      71        8         
      58        156      45        10        
      59        408      35        3         
      60        135      36        3         
      61        173      70        8         
      62        198      99        3         
      63        17       4         0         
      64        133      59        3         
      65        80       74        3         
      66        576      89        10        
      67        81       37        3         
      68        92       32        3         
      69        45       11        1         
      70        141      68        10        
      71        112      46        3         
      72        201      60        8         
      73        209      62        10        
      74        202      28        3         
      75        343      33        3         
      76        135      79        10        
      77        32       12        1         
      78        149      65        3         
      79        183      90        10        
      80        151      87        3         
      81        15       2         0         
      82        177      90        3         
      83        190      75        8         
      84        141      23        3         
      85        173      25        3         
      86        221      99        10        
      87        179      96        9         
      88        55       26        4         
      89        187      73        8         
      91        62       21        10        
      90        133      83        8         
      92        173      60        8         
      93        294      76        3         
      94        170      70        10        
      95        104      26        3         
      96        127      98        8         
      97        111      86        3         
      98        13       6         0         
      99        76       21        3         

Productividad:
--------------
    N§ de procesos simulados: 100
    Tiempo simulacion: 5742
    Productividad: 0.017

Tasa de CPU:
-----------
	N§ proc    TasaCPU
	-------    -------
      0         40%
      1         45%
      2         40%
      4         19%
      3         65%
      5         37%
      7         50%
      6         40%
      8         38%
      9         33%
      10        36%
      11        18%
      12        25%
      13        36%
      14        24%
      15        100%
      16        50%
      17        43%
      18        25%
      19        33%
      20        32%
      21        43%
      22        38%
      23        29%
      24        33%
      25        30%
      26        34%
      27        29%
      28        23%
      29        17%
      31        23%
      30        28%
      32        34%
      33        42%
      34        44%
      35        38%
      36        36%
      37        37%
      38        33%
      39        21%
      40        49%
      41        23%
      42        34%
      43        22%
      44        15%
      45        40%
      46        25%
      47        37%
      48        43%
      49        32%
      50        10%
      51        10%
      52        66%
      53        39%
      54        39%
      55        16%
      56        36%
      57        26%
      58        22%
      59        7%
      60        21%
      61        28%
      62        33%
      63        19%
      64        30%
      65        48%
      66        13%
      67        31%
      68        25%
      69        19%
      70        32%
      71        29%
      72        22%
      73        22%
      74        12%
      75        8%
      76        36%
      77        27%
      78        30%
      79        32%
      80        36%
      81        11%
      82        33%
      83        28%
      84        14%
      85        12%
      86        30%
      87        34%
      88        32%
      89        28%
      91        25%
      90        38%
      92        25%
      93        20%
      94        29%
      95        20%
      96        43%
      97        43%
      98        31%
      99        21%
