Datos de la simulacion:
-----------------------
    Archivo de carga: carga98.sch
    Simulacion: Multiproceso sin prioridad
    Politica: Round Robin
    Quantum: 11
    Gestor de memoria: Paginaci¢n
    TIO: 5
    Memoria: 29999

Eficiencia:
----------
    Tiempo de simulacion: 5760
    CPU util: 5317
    Cambios de contexto: 3396
    Eficiencia CPU: 58%

Tiempo de espera en colas:
--------------------------
	N§ pro   Tmp. esp    TCPU    Prio
	------   --------    ----    ----
      0         75       51        3         
      1         58       48        3         
      2         18       12        1         
      4         29       7         1         
      3         50       95        10        
      5         88       48        3         
      7         5        5         0         
      6         97       66        3         
      8         108      67        3         
      9         75       51        8         
      10        149      84        10        
      11        118      27        3         
      12        170      57        3         
      13        169      99        10        
      14        102      33        3         
      15        0        3         1         
      16        96       92        3         
      17        131      97        10        
      18        49       17        7         
      19        72       35        3         
      20        142      69        3         
      21        106      80        3         
      22        89       65        8         
      23        182      77        3         
      24        17       8         0         
      25        150      65        3         
      26        189      98        10        
      27        164      68        3         
      28        200      60        3         
      29        213      44        3         
      31        27       8         1         
      30        73       29        8         
      32        98       52        3         
      33        125      91        8         
      34        101      80        3         
      35        86       53        10        
      36        105      61        3         
      37        90       54        3         
      38        111      56        3         
      39        22       6         0         
      40        77       74        3         
      41        120      37        3         
      42        90       56        10        
      43        53       15        4         
      44        237      43        3         
      45        20       15        4         
      46        327      98        10        
      47        3        3         0         
      48        75       55        3         
      49        74       37        3         
      50        566      65        10        
      51        433      51        3         
      52        0        6         1         
      53        115      75        10        
      54        140      87        8         
      55        214      43        3         
      56        160      91        3         
      57        206      71        8         
      58        168      45        10        
      59        413      35        3         
      60        138      36        3         
      61        178      70        8         
      62        207      99        3         
      63        20       4         0         
      64        136      59        3         
      65        82       74        3         
      66        656      89        10        
      67        83       37        3         
      68        94       32        3         
      69        40       11        1         
      70        185      68        10        
      71        156      46        3         
      72        145      60        3         
      73        153      62        10        
      74        242      28        3         
      75        311      33        3         
      76        127      79        10        
      77        31       12        1         
      78        145      65        3         
      79        156      90        10        
      80        150      87        3         
      81        12       2         0         
      82        167      90        3         
      83        189      75        8         
      84        140      23        3         
      85        176      25        3         
      86        223      99        10        
      87        170      96        9         
      88        55       26        4         
      89        189      73        8         
      91        64       21        10        
      90        154      83        8         
      92        181      60        8         
      93        335      76        3         
      94        141      70        10        
      95        141      26        3         
      96        74       98        3         
      97        129      86        3         
      98        13       6         0         
      99        108      21        3         

Productividad:
--------------
    N§ de procesos simulados: 100
    Tiempo simulacion: 5760
    Productividad: 0.017

Tasa de CPU:
-----------
	N§ proc    TasaCPU
	-------    -------
      0         40%
      1         45%
      2         40%
      4         19%
      3         65%
      5         35%
      7         50%
      6         40%
      8         38%
      9         40%
      10        36%
      11        18%
      12        25%
      13        36%
      14        24%
      15        100%
      16        48%
      17        42%
      18        25%
      19        32%
      20        32%
      21        43%
      22        42%
      23        29%
      24        32%
      25        30%
      26        34%
      27        29%
      28        23%
      29        17%
      31        22%
      30        28%
      32        34%
      33        42%
      34        44%
      35        38%
      36        36%
      37        37%
      38        33%
      39        21%
      40        49%
      41        23%
      42        38%
      43        22%
      44        15%
      45        42%
      46        23%
      47        50%
      48        42%
      49        33%
      50        10%
      51        10%
      52        100%
      53        39%
      54        38%
      55        16%
      56        36%
      57        25%
      58        21%
      59        7%
      60        20%
      61        28%
      62        32%
      63        16%
      64        30%
      65        47%
      66        11%
      67        30%
      68        25%
      69        21%
      70        26%
      71        22%
      72        29%
      73        28%
      74        10%
      75        9%
      76        38%
      77        27%
      78        30%
      79        36%
      80        36%
      81        14%
      82        35%
      83        28%
      84        14%
      85        12%
      86        30%
      87        36%
      88        32%
      89        27%
      91        24%
      90        35%
      92        24%
      93        18%
      94        33%
      95        15%
      96        56%
      97        40%
      98        31%
      99        16%
