Datos de la simulacion:
-----------------------
    Archivo de carga: carga98.sch
    Simulacion: Multiproceso sin prioridad
    Politica: Round Robin
    Quantum: 13
    Gestor de memoria: Paginaci¢n
    TIO: 5
    Memoria: 29999

Eficiencia:
----------
    Tiempo de simulacion: 5758
    CPU util: 5317
    Cambios de contexto: 3312
    Eficiencia CPU: 58%

Tiempo de espera en colas:
--------------------------
	N§ pro   Tmp. esp    TCPU    Prio
	------   --------    ----    ----
      0         75       51        3         
      1         58       48        3         
      2         18       12        1         
      4         29       7         1         
      3         50       95        10        
      5         88       48        3         
      7         5        5         0         
      6         97       66        3         
      8         110      67        3         
      9         75       51        8         
      10        151      84        10        
      11        120      27        3         
      12        172      57        3         
      13        169      99        10        
      14        104      33        3         
      15        0        3         1         
      16        104      92        3         
      17        98       97        10        
      18        62       17        7         
      19        86       35        3         
      20        142      69        3         
      21        106      80        3         
      22        89       65        8         
      23        182      77        3         
      24        19       8         0         
      25        150      65        3         
      26        189      98        10        
      27        164      68        3         
      28        200      60        3         
      29        213      44        3         
      31        29       8         1         
      30        75       29        8         
      32        100      52        3         
      33        129      91        8         
      34        105      80        3         
      35        86       53        10        
      36        105      61        3         
      37        90       54        3         
      38        111      56        3         
      39        22       6         0         
      40        77       74        3         
      41        120      37        3         
      42        90       56        10        
      43        55       15        4         
      44        237      43        3         
      45        20       15        4         
      46        362      98        10        
      47        3        3         0         
      48        75       55        3         
      49        74       37        3         
      50        641      65        10        
      51        511      51        3         
      52        0        6         1         
      53        54       75        10        
      54        143      87        8         
      55        248      43        3         
      56        187      91        3         
      57        132      71        3         
      58        106      45        10        
      59        439      35        3         
      60        172      36        3         
      61        107      70        3         
      62        235      99        3         
      63        14       4         0         
      64        151      59        3         
      65        89       74        3         
      66        705      89        10        
      67        90       37        3         
      68        101      32        3         
      69        40       11        1         
      70        185      68        10        
      71        156      46        3         
      72        145      60        3         
      73        155      62        10        
      74        263      28        3         
      75        326      33        3         
      76        114      79        10        
      77        5        12        1         
      78        145      65        3         
      79        179      90        10        
      80        156      87        3         
      81        11       2         0         
      82        211      90        3         
      83        144      75        8         
      84        167      23        3         
      85        253      25        3         
      86        185      99        10        
      87        206      96        9         
      88        101      26        4         
      89        168      73        3         
      91        63       21        10        
      90        151      83        8         
      92        178      60        8         
      93        323      76        3         
      94        140      70        10        
      95        134      26        3         
      96        73       98        3         
      97        127      86        3         
      98        14       6         0         
      99        98       21        3         

Productividad:
--------------
    N§ de procesos simulados: 100
    Tiempo simulacion: 5758
    Productividad: 0.017

Tasa de CPU:
-----------
	N§ proc    TasaCPU
	-------    -------
      0         40%
      1         45%
      2         40%
      4         19%
      3         65%
      5         35%
      7         50%
      6         40%
      8         37%
      9         40%
      10        35%
      11        18%
      12        24%
      13        36%
      14        24%
      15        100%
      16        46%
      17        49%
      18        21%
      19        28%
      20        32%
      21        43%
      22        42%
      23        29%
      24        29%
      25        30%
      26        34%
      27        29%
      28        23%
      29        17%
      31        21%
      30        27%
      32        34%
      33        41%
      34        43%
      35        38%
      36        36%
      37        37%
      38        33%
      39        21%
      40        49%
      41        23%
      42        38%
      43        21%
      44        15%
      45        42%
      46        21%
      47        50%
      48        42%
      49        33%
      50        9%
      51        9%
      52        100%
      53        58%
      54        37%
      55        14%
      56        32%
      57        34%
      58        29%
      59        7%
      60        17%
      61        39%
      62        29%
      63        22%
      64        28%
      65        45%
      66        11%
      67        29%
      68        24%
      69        21%
      70        26%
      71        22%
      72        29%
      73        28%
      74        9%
      75        9%
      76        40%
      77        70%
      78        30%
      79        33%
      80        35%
      81        15%
      82        29%
      83        34%
      84        12%
      85        8%
      86        34%
      87        31%
      88        20%
      89        30%
      91        25%
      90        35%
      92        25%
      93        19%
      94        33%
      95        16%
      96        57%
      97        40%
      98        30%
      99        17%
