Datos de la simulacion:
-----------------------
    Archivo de carga: carga98.sch
    Simulacion: Multiproceso sin prioridad
    Politica: Round Robin
    Quantum: 16
    Gestor de memoria: Paginaci¢n
    TIO: 5
    Memoria: 29999

Eficiencia:
----------
    Tiempo de simulacion: 5758
    CPU util: 5317
    Cambios de contexto: 3268
    Eficiencia CPU: 58%

Tiempo de espera en colas:
--------------------------
	N§ pro   Tmp. esp    TCPU    Prio
	------   --------    ----    ----
      0         75       51        3         
      1         58       48        3         
      2         18       12        1         
      4         29       7         1         
      3         50       95        10        
      5         88       48        3         
      7         5        5         0         
      6         97       66        3         
      8         113      67        3         
      9         75       51        8         
      10        162      84        10        
      11        123      27        3         
      12        175      57        3         
      13        169      99        10        
      14        107      33        3         
      15        0        3         1         
      16        104      92        3         
      17        98       97        10        
      18        33       17        5         
      19        89       35        3         
      20        142      69        3         
      21        106      80        3         
      22        89       65        8         
      23        182      77        3         
      24        22       8         0         
      25        150      65        3         
      26        189      98        10        
      27        164      68        3         
      28        200      60        3         
      29        213      44        3         
      31        45       8         1         
      30        49       29        4         
      32        133      52        3         
      33        80       91        3         
      34        122      80        3         
      35        86       53        10        
      36        105      61        3         
      37        90       54        3         
      38        111      56        3         
      39        22       6         0         
      40        77       74        3         
      41        120      37        3         
      42        45       56        10        
      43        72       15        4         
      44        237      43        3         
      45        20       15        4         
      46        443      98        10        
      47        3        3         0         
      48        75       55        3         
      49        74       37        3         
      50        673      65        10        
      51        579      51        3         
      52        0        6         1         
      53        83       75        10        
      54        88       87        3         
      55        255      43        3         
      56        190      91        3         
      57        136      71        3         
      58        110      45        10        
      59        449      35        3         
      60        179      36        3         
      61        112      70        3         
      62        263      99        3         
      63        14       4         0         
      64        160      59        3         
      65        96       74        3         
      66        773      89        10        
      67        97       37        3         
      68        108      32        3         
      69        40       11        1         
      70        185      68        10        
      71        156      46        3         
      72        145      60        3         
      73        158      62        10        
      74        242      28        3         
      75        328      33        3         
      76        127      79        10        
      77        5        12        1         
      78        145      65        3         
      79        156      90        10        
      80        159      87        3         
      81        12       2         0         
      82        216      90        3         
      83        147      75        8         
      84        169      23        3         
      85        263      25        3         
      86        187      99        10        
      87        207      96        9         
      88        106      26        4         
      89        170      73        3         
      91        80       21        10        
      92        109      60        3         
      90        155      83        8         
      93        323      76        3         
      94        145      70        10        
      95        134      26        3         
      96        73       98        3         
      97        127      86        3         
      98        14       6         0         
      99        98       21        3         

Productividad:
--------------
    N§ de procesos simulados: 100
    Tiempo simulacion: 5758
    Productividad: 0.017

Tasa de CPU:
-----------
	N§ proc    TasaCPU
	-------    -------
      0         40%
      1         45%
      2         40%
      4         19%
      3         65%
      5         35%
      7         50%
      6         40%
      8         37%
      9         40%
      10        34%
      11        18%
      12        24%
      13        36%
      14        23%
      15        100%
      16        46%
      17        49%
      18        34%
      19        28%
      20        32%
      21        43%
      22        42%
      23        29%
      24        26%
      25        30%
      26        34%
      27        29%
      28        23%
      29        17%
      31        15%
      30        37%
      32        28%
      33        53%
      34        39%
      35        38%
      36        36%
      37        37%
      38        33%
      39        21%
      40        49%
      41        23%
      42        55%
      43        17%
      44        15%
      45        42%
      46        18%
      47        50%
      48        42%
      49        33%
      50        8%
      51        8%
      52        100%
      53        47%
      54        49%
      55        14%
      56        32%
      57        34%
      58        29%
      59        7%
      60        16%
      61        38%
      62        27%
      63        22%
      64        26%
      65        43%
      66        10%
      67        27%
      68        22%
      69        21%
      70        26%
      71        22%
      72        29%
      73        28%
      74        10%
      75        9%
      76        38%
      77        70%
      78        30%
      79        36%
      80        35%
      81        14%
      82        29%
      83        33%
      84        11%
      85        8%
      86        34%
      87        31%
      88        19%
      89        30%
      91        20%
      92        35%
      90        34%
      93        19%
      94        32%
      95        16%
      96        57%
      97        40%
      98        30%
      99        17%
