Datos de la simulacion:
-----------------------
    Archivo de carga: carga98.sch
    Simulacion: Multiproceso sin prioridad
    Politica: Round Robin
    Quantum: 19
    Gestor de memoria: Paginaci¢n
    TIO: 5
    Memoria: 29999

Eficiencia:
----------
    Tiempo de simulacion: 5762
    CPU util: 5317
    Cambios de contexto: 3228
    Eficiencia CPU: 59%

Tiempo de espera en colas:
--------------------------
	N§ pro   Tmp. esp    TCPU    Prio
	------   --------    ----    ----
      0         75       51        3         
      1         58       48        3         
      2         18       12        1         
      4         29       7         1         
      3         50       95        10        
      5         88       48        3         
      7         5        5         0         
      6         97       66        3         
      8         116      67        3         
      9         75       51        8         
      10        135      84        10        
      11        189      27        3         
      13        143      99        10        
      12        201      57        3         
      14        165      33        3         
      15        0        3         1         
      16        106      92        3         
      17        100      97        10        
      18        33       17        5         
      19        92       35        3         
      20        142      69        3         
      21        106      80        3         
      22        44       65        3         
      23        182      77        3         
      24        24       8         0         
      25        150      65        3         
      26        189      98        10        
      27        164      68        3         
      28        200      60        3         
      29        213      44        3         
      31        45       8         1         
      30        49       29        4         
      32        133      52        3         
      33        80       91        3         
      34        122      80        3         
      35        86       53        10        
      36        105      61        3         
      37        90       54        3         
      38        111      56        3         
      39        22       6         0         
      40        77       74        3         
      41        120      37        3         
      42        45       56        10        
      43        72       15        4         
      44        237      43        3         
      45        20       15        4         
      46        443      98        10        
      47        3        3         0         
      48        75       55        3         
      49        74       37        3         
      50        673      65        10        
      51        579      51        3         
      52        0        6         1         
      53        83       75        10        
      54        88       87        3         
      55        255      43        3         
      56        190      91        3         
      57        136      71        3         
      58        110      45        10        
      59        449      35        3         
      60        179      36        3         
      61        112      70        3         
      62        263      99        3         
      63        14       4         0         
      64        160      59        3         
      65        96       74        3         
      66        774      89        10        
      67        97       37        3         
      68        108      32        3         
      69        40       11        1         
      70        93       68        10        
      71        173      46        3         
      72        162      60        3         
      73        159      62        10        
      74        263      28        3         
      75        332      33        3         
      76        114      79        10        
      77        5        12        1         
      78        145      65        3         
      79        185      90        10        
      80        160      87        3         
      81        11       2         0         
      82        231      90        3         
      83        148      75        8         
      84        170      23        3         
      85        263      25        3         
      86        189      99        10        
      87        207      96        9         
      88        109      26        4         
      89        170      73        3         
      91        102      21        10        
      90        111      83        3         
      92        138      60        3         
      93        343      76        3         
      94        157      70        10        
      95        141      26        3         
      96        77       98        3         
      97        131      86        3         
      98        13       6         0         
      99        100      21        3         

Productividad:
--------------
    N§ de procesos simulados: 100
    Tiempo simulacion: 5762
    Productividad: 0.017

Tasa de CPU:
-----------
	N§ proc    TasaCPU
	-------    -------
      0         40%
      1         45%
      2         40%
      4         19%
      3         65%
      5         35%
      7         50%
      6         40%
      8         36%
      9         40%
      10        38%
      11        12%
      13        40%
      12        22%
      14        16%
      15        100%
      16        46%
      17        49%
      18        34%
      19        27%
      20        32%
      21        43%
      22        59%
      23        29%
      24        25%
      25        30%
      26        34%
      27        29%
      28        23%
      29        17%
      31        15%
      30        37%
      32        28%
      33        53%
      34        39%
      35        38%
      36        36%
      37        37%
      38        33%
      39        21%
      40        49%
      41        23%
      42        55%
      43        17%
      44        15%
      45        42%
      46        18%
      47        50%
      48        42%
      49        33%
      50        8%
      51        8%
      52        100%
      53        47%
      54        49%
      55        14%
      56        32%
      57        34%
      58        29%
      59        7%
      60        16%
      61        38%
      62        27%
      63        22%
      64        26%
      65        43%
      66        10%
      67        27%
      68        22%
      69        21%
      70        42%
      71        21%
      72        27%
      73        28%
      74        9%
      75        9%
      76        40%
      77        70%
      78        30%
      79        32%
      80        35%
      81        15%
      82        28%
      83        33%
      84        11%
      85        8%
      86        34%
      87        31%
      88        19%
      89        30%
      91        17%
      90        42%
      92        30%
      93        18%
      94        30%
      95        15%
      96        56%
      97        39%
      98        31%
      99        17%
